Le envio:    
    02 e3 80 b0 e3 80 b0 30 30 32 30 32 43 30 30 38   .〰〰00202C008 
    46 30 30 30 38 30 30 31 30 30 30 30 30 30 30 30   F000800100000000 
    03 37                                             .7               

Hay que enviarle:
    02 30 30 30 30 30 30 32 30 32 43 30 30 38 46 30   .000000202C008F0 
    30 30 38 30 30 31 30 30 30 30 30 30 30 30 03 37   00800100000000.7 


zero
    02 30 30 30 30 30 30 32 30 32 43 30 43 33 46 30   .000000202C0C3F0 
    30 30 38 30 30 31 30 30 30 30 30 30 30 31 03 4e   00800100000001.N 
